RMS: 132.4263356549595 
 STD_DEV: 31.94746987216406 
 MEAN: 127.422751 
 KLD: 0.0011687311654203641 
 KST: KstestResult(statistic=0.008193219499889659, pvalue=9.781969343384796e-59)
